487,35
356,6
356,5
356,4
356,3
356,2
356,1
356,0
355,30
355,29
355,28
355,27
355,26
355,25
355,24
355,23
355,22
355,21
355,20
355,19
355,18
355,17
355,16
355,15
355,14
355,13
355,12
355,11
355,10
355,9
355,8
355,7
355,6
355,5
355,4
355,3
355,2
355,1
355,0
354,6
354,5
354,4
354,3
354,2
354,1
354,0
334,13
334,12
334,1
305,12
305,11
305,10
305,9
305,8
305,7
305,6
305,5
305,4
305,1
277,10
277,9
277,8
277,7
277,6
277,5
277,1
243,14
243,13
243,12
243,11
243,10
243,9
243,8
243,6
243,1
20,3
20,2
20,1
19,3
19,2
19,1
18,3
18,1
14,141
14,140
14,139
14,138
14,137
14,136
14,135
14,110
14,98
14,3
14,1
13,7
13,3
13,1
12,3
12,2
12,1
11,27
11,20
11,14
11,12
11,11
11,6
11,5
11,3
11,2
11,1
10,270
10,268
10,262
10,250
10,168
10,164
10,96
10,22
10,3
10,2
10,1
9,7
9,6
9,4
9,3
9,2
9,1
8,17
8,16
8,12
8,11
8,9
8,6
8,3
8,2
8,1
3,3
3,2
3,1
2,3
2,2
2,1
0,561
0,337
0,336
0,0
487,34
487,33
487,32
487,31
487,30
487,29
487,28
487,27
487,26
487,25
487,24
487,23
487,22
487,21
487,20
487,19
487,18
487,17
487,16
487,15
487,14
487,13
487,12
487,11
487,10
487,9
487,8
487,7
487,6
487,5
487,4
487,3
487,2
487,0
0,468
0,491
0,466
0,463
0,459
0,462
0,490
0,9
0,502
0,498
0,496
0,488
